 R1 = 1.030346 
 R2 = 2.030763 
 R3 = 3.094426 
 R4 = 4.087130 
 R5 = 3.005188 
 R6 = 2.031070 
 R7 = 1.047594 
 Vs = 5.010158 
 C = 1.026376 
 Kb = 7.276079 
 Kd = 8.136977 
